[1] "Exploration following https://www.geeksforgeeks.org/r-machine-learning/latent-class-analysis-in-r/"
Conditional item response (column) probabilities,
 by outcome variable, for each class (row) 
 
$Q_Experiencecode
           Pr(1)  Pr(2)  Pr(3)  Pr(4)  Pr(5)
class 1:  0.6711 0.1382 0.1118 0.0592 0.0197

$Q_Info_Governmentcode
           Pr(1)  Pr(2)  Pr(3)  Pr(4)  Pr(5)
class 1:  0.4737 0.2566 0.1842 0.0724 0.0132

$Q_Info_WeatherForecastcode
           Pr(1)  Pr(2)  Pr(3)  Pr(4)  Pr(5)  Pr(6)
class 1:  0.2829 0.2697 0.1842 0.1118 0.0724 0.0789

$Q_Info_Scientificcode
           Pr(1)  Pr(2)  Pr(3)  Pr(4)  Pr(5)
class 1:  0.5592 0.1908 0.1645 0.0658 0.0197

$Q_Info_GeneralMediacode
           Pr(1)  Pr(2)  Pr(3)  Pr(4)  Pr(5)  Pr(6)
class 1:  0.0921 0.1842 0.3158 0.2566 0.0921 0.0592

$Q_Info_SocialMediacode
          Pr(1)  Pr(2)  Pr(3)  Pr(4)  Pr(5)  Pr(6)
class 1:   0.25 0.1776 0.2697 0.1842 0.0592 0.0592

$Q_FloodFuturecode
           Pr(1)  Pr(2)  Pr(3) Pr(4)  Pr(5)
class 1:  0.2237 0.3158 0.1908  0.25 0.0197

$Q_ClimateChangecode
           Pr(1)  Pr(2)  Pr(3)  Pr(4)  Pr(5)
class 1:  0.0526 0.2303 0.1908 0.4145 0.1118

$Q_Threatcode
           Pr(1)  Pr(2)  Pr(3)  Pr(4)  Pr(5)
class 1:  0.1842 0.1513 0.3816 0.2434 0.0395

Estimated class population shares 
 1 
 
Predicted class memberships (by modal posterior prob.) 
 1 
 
========================================================= 
Fit for 1 latent classes: 
========================================================= 
number of observations: 152 
number of estimated parameters: 39 
residual degrees of freedom: 113 
maximum log-likelihood: -1934.101 
 
AIC(1): 3946.202
BIC(1): 4064.134
G^2(1): 2352.033 (Likelihood ratio/deviance statistic) 
X^2(1): 24692576 (Chi-square goodness of fit) 
 
Model 1: llik = -1822.54 ... best llik = -1822.54
Model 2: llik = -1822.766 ... best llik = -1822.54
Model 3: llik = -1822.54 ... best llik = -1822.54
Model 4: llik = -1858.549 ... best llik = -1822.54
Model 5: llik = -1822.54 ... best llik = -1822.54
Conditional item response (column) probabilities,
 by outcome variable, for each class (row) 
 
$Q_Experiencecode
           Pr(1)  Pr(2)  Pr(3)  Pr(4)  Pr(5)
class 1:  0.6955 0.1575 0.0979 0.0490 0.0000
class 2:  0.6251 0.1019 0.1379 0.0783 0.0567

$Q_Info_Governmentcode
           Pr(1)  Pr(2)  Pr(3)  Pr(4)  Pr(5)
class 1:  0.6318 0.2623 0.1059 0.0000 0.0000
class 2:  0.1771 0.2458 0.3311 0.2081 0.0378

$Q_Info_WeatherForecastcode
           Pr(1)  Pr(2)  Pr(3)  Pr(4)  Pr(5) Pr(6)
class 1:  0.3762 0.3622 0.1913 0.0591 0.0113 0.000
class 2:  0.1080 0.0964 0.1710 0.2107 0.1869 0.227

$Q_Info_Scientificcode
           Pr(1)  Pr(2)  Pr(3)  Pr(4)  Pr(5)
class 1:  0.7390 0.1849 0.0761 0.0000 0.0000
class 2:  0.2222 0.2018 0.3301 0.1891 0.0567

$Q_Info_GeneralMediacode
           Pr(1)  Pr(2)  Pr(3)  Pr(4)  Pr(5)  Pr(6)
class 1:  0.1254 0.2825 0.4029 0.1803 0.0089 0.0000
class 2:  0.0297 0.0000 0.1525 0.3996 0.2480 0.1702

$Q_Info_SocialMediacode
           Pr(1)  Pr(2)  Pr(3)  Pr(4)  Pr(5)  Pr(6)
class 1:  0.3519 0.2389 0.3032 0.1060 0.0000 0.0000
class 2:  0.0590 0.0628 0.2069 0.3308 0.1702 0.1702

$Q_FloodFuturecode
           Pr(1)  Pr(2)  Pr(3)  Pr(4)  Pr(5)
class 1:  0.2265 0.4150 0.1599 0.1986 0.0000
class 2:  0.2185 0.1298 0.2487 0.3463 0.0567

$Q_ClimateChangecode
           Pr(1)  Pr(2)  Pr(3)  Pr(4)  Pr(5)
class 1:  0.0266 0.3098 0.2088 0.3744 0.0805
class 2:  0.1015 0.0812 0.1571 0.4896 0.1707

$Q_Threatcode
           Pr(1)  Pr(2)  Pr(3)  Pr(4)  Pr(5)
class 1:  0.1937 0.1795 0.3996 0.1872 0.0400
class 2:  0.1665 0.0984 0.3478 0.3488 0.0384

Estimated class population shares 
 0.6522 0.3478 
 
Predicted class memberships (by modal posterior prob.) 
 0.6513 0.3487 
 
========================================================= 
Fit for 2 latent classes: 
========================================================= 
number of observations: 152 
number of estimated parameters: 79 
residual degrees of freedom: 73 
maximum log-likelihood: -1822.54 
 
AIC(2): 3803.08
BIC(2): 4041.967
G^2(2): 2128.911 (Likelihood ratio/deviance statistic) 
X^2(2): 2179164 (Chi-square goodness of fit) 
 
Model 1: llik = -1771.561 ... best llik = -1771.561
Model 2: llik = -1763.152 ... best llik = -1763.152
Model 3: llik = -1771.143 ... best llik = -1763.152
Model 4: llik = -1762.8 ... best llik = -1762.8
Model 5: llik = -1764.914 ... best llik = -1762.8
Conditional item response (column) probabilities,
 by outcome variable, for each class (row) 
 
$Q_Experiencecode
           Pr(1)  Pr(2)  Pr(3)  Pr(4)  Pr(5)
class 1:  0.7255 0.1662 0.0837 0.0246 0.0000
class 2:  0.6063 0.0000 0.1934 0.1519 0.0483
class 3:  0.6144 0.1505 0.1221 0.0748 0.0382

$Q_Info_Governmentcode
           Pr(1)  Pr(2)  Pr(3)  Pr(4)  Pr(5)
class 1:  0.6213 0.2923 0.0864 0.0000 0.0000
class 2:  0.0533 0.3632 0.2905 0.1965 0.0965
class 3:  0.4172 0.1603 0.2899 0.1325 0.0000

$Q_Info_WeatherForecastcode
           Pr(1)  Pr(2)  Pr(3)  Pr(4)  Pr(5)  Pr(6)
class 1:  0.4494 0.3985 0.1231 0.0161 0.0130 0.0000
class 2:  0.1142 0.1066 0.0000 0.0988 0.2945 0.3859
class 3:  0.0981 0.1398 0.3498 0.2618 0.0739 0.0765

$Q_Info_Scientificcode
           Pr(1)  Pr(2)  Pr(3)  Pr(4)  Pr(5)
class 1:  0.7756 0.1737 0.0507 0.0000 0.0000
class 2:  0.1557 0.1529 0.3530 0.1937 0.1447
class 3:  0.3921 0.2316 0.2618 0.1145 0.0000

$Q_Info_GeneralMediacode
           Pr(1)  Pr(2)  Pr(3)  Pr(4)  Pr(5)  Pr(6)
class 1:  0.1517 0.3544 0.3635 0.1304 0.0000 0.0000
class 2:  0.0000 0.0000 0.1688 0.1485 0.2487 0.4341
class 3:  0.0385 0.0000 0.3019 0.4903 0.1693 0.0000

$Q_Info_SocialMediacode
           Pr(1)  Pr(2)  Pr(3)  Pr(4) Pr(5)  Pr(6)
class 1:  0.3910 0.2722 0.2510 0.0859 0.000 0.0000
class 2:  0.0486 0.0000 0.3172 0.0503 0.245 0.3388
class 3:  0.1167 0.1052 0.2793 0.3860 0.075 0.0378

$Q_FloodFuturecode
           Pr(1)  Pr(2)  Pr(3)  Pr(4)  Pr(5)
class 1:  0.2571 0.4607 0.1307 0.1515 0.0000
class 2:  0.4831 0.1461 0.2057 0.1651 0.0000
class 3:  0.0702 0.1641 0.2757 0.4326 0.0574

$Q_ClimateChangecode
           Pr(1)  Pr(2)  Pr(3)  Pr(4)  Pr(5)
class 1:  0.0261 0.3451 0.2375 0.3303 0.0609
class 2:  0.2863 0.1003 0.2014 0.4120 0.0000
class 3:  0.0000 0.1082 0.1159 0.5427 0.2332

$Q_Threatcode
           Pr(1)  Pr(2)  Pr(3)  Pr(4)  Pr(5)
class 1:  0.2404 0.2226 0.3968 0.0896 0.0506
class 2:  0.4343 0.2609 0.0997 0.1086 0.0965
class 3:  0.0000 0.0000 0.4705 0.5295 0.0000

Estimated class population shares 
 0.5198 0.1364 0.3438 
 
Predicted class memberships (by modal posterior prob.) 
 0.5263 0.1316 0.3421 
 
========================================================= 
Fit for 3 latent classes: 
========================================================= 
number of observations: 152 
number of estimated parameters: 119 
residual degrees of freedom: 33 
maximum log-likelihood: -1762.8 
 
AIC(3): 3763.6
BIC(3): 4123.442
G^2(3): 2009.431 (Likelihood ratio/deviance statistic) 
X^2(3): 1542138 (Chi-square goodness of fit) 
 
Model 1: llik = -1730.897 ... best llik = -1730.897
Model 2: llik = -1747.716 ... best llik = -1730.897
Model 3: llik = -1734.693 ... best llik = -1730.897
Model 4: llik = -1728.998 ... best llik = -1728.998
Model 5: llik = -1732.042 ... best llik = -1728.998
Conditional item response (column) probabilities,
 by outcome variable, for each class (row) 
 
$Q_Experiencecode
           Pr(1)  Pr(2)  Pr(3)  Pr(4)  Pr(5)
class 1:  0.7415 0.0969 0.0819 0.0638 0.0160
class 2:  0.4097 0.3706 0.2198 0.0000 0.0000
class 3:  0.5868 0.1386 0.1374 0.0824 0.0548
class 4:  0.8858 0.0000 0.0381 0.0761 0.0000

$Q_Info_Governmentcode
           Pr(1)  Pr(2)  Pr(3)  Pr(4)  Pr(5)
class 1:  0.4397 0.3201 0.2401 0.0000 0.0000
class 2:  0.8906 0.0715 0.0379 0.0000 0.0000
class 3:  0.1717 0.1699 0.3021 0.3015 0.0548
class 4:  0.5509 0.4136 0.0355 0.0000 0.0000

$Q_Info_WeatherForecastcode
           Pr(1)  Pr(2)  Pr(3)  Pr(4)  Pr(5)  Pr(6)
class 1:  0.1823 0.3069 0.3080 0.0874 0.0367 0.0785
class 2:  0.6926 0.2030 0.0000 0.1044 0.0000 0.0000
class 3:  0.1237 0.0593 0.1722 0.2396 0.2111 0.1941
class 4:  0.3280 0.5415 0.0926 0.0000 0.0379 0.0000

$Q_Info_Scientificcode
           Pr(1)  Pr(2)  Pr(3)  Pr(4)  Pr(5)
class 1:  0.5381 0.2727 0.1753 0.0138 0.0000
class 2:  0.8442 0.1558 0.0000 0.0000 0.0000
class 3:  0.1362 0.1470 0.3843 0.2503 0.0822
class 4:  0.9082 0.0918 0.0000 0.0000 0.0000

$Q_Info_GeneralMediacode
           Pr(1)  Pr(2)  Pr(3)  Pr(4)  Pr(5) Pr(6)
class 1:  0.0181 0.0182 0.5999 0.3169 0.0000 0.047
class 2:  0.3363 0.3458 0.1825 0.1354 0.0000 0.000
class 3:  0.0515 0.0000 0.0000 0.4262 0.3563 0.166
class 4:  0.0771 0.6723 0.2126 0.0000 0.0380 0.000

$Q_Info_SocialMediacode
           Pr(1)  Pr(2)  Pr(3)  Pr(4)  Pr(5)  Pr(6)
class 1:  0.0517 0.1328 0.5619 0.2344 0.0000 0.0192
class 2:  0.7672 0.2328 0.0000 0.0000 0.0000 0.0000
class 3:  0.0993 0.0419 0.0333 0.3652 0.2466 0.2137
class 4:  0.4072 0.4173 0.1756 0.0000 0.0000 0.0000

$Q_FloodFuturecode
           Pr(1)  Pr(2)  Pr(3)  Pr(4)  Pr(5)
class 1:  0.1428 0.3594 0.2534 0.2444 0.0000
class 2:  0.0000 0.4868 0.1165 0.3967 0.0000
class 3:  0.2211 0.0896 0.2749 0.3322 0.0822
class 4:  0.6474 0.3526 0.0000 0.0000 0.0000

$Q_ClimateChangecode
           Pr(1)  Pr(2)  Pr(3)  Pr(4)  Pr(5)
class 1:  0.0800 0.1219 0.2028 0.5206 0.0746
class 2:  0.0000 0.1562 0.2986 0.3602 0.1850
class 3:  0.0276 0.1255 0.2003 0.4439 0.2027
class 4:  0.0756 0.7096 0.0393 0.1755 0.0000

$Q_Threatcode
           Pr(1)  Pr(2)  Pr(3)  Pr(4)  Pr(5)
class 1:  0.1839 0.1244 0.4314 0.2133 0.0469
class 2:  0.0000 0.2623 0.4844 0.1784 0.0749
class 3:  0.0844 0.1143 0.3639 0.4082 0.0292
class 4:  0.5109 0.1542 0.1828 0.1521 0.0000

Estimated class population shares 
 0.4119 0.1754 0.2401 0.1726 
 
Predicted class memberships (by modal posterior prob.) 
 0.4013 0.1776 0.2368 0.1842 
 
========================================================= 
Fit for 4 latent classes: 
========================================================= 
number of observations: 152 
number of estimated parameters: 159 
residual degrees of freedom: -7 
maximum log-likelihood: -1728.998 
 
AIC(4): 3775.997
BIC(4): 4256.794
G^2(4): 1941.827 (Likelihood ratio/deviance statistic) 
X^2(4): 1638544 (Chi-square goodness of fit) 
 
ALERT: number of parameters estimated ( 159 ) exceeds number of observations ( 152 ) 
 
ALERT: negative degrees of freedom; respecify model 
 
Model 1: llik = -1701.596 ... best llik = -1701.596
Model 2: llik = -1696.066 ... best llik = -1696.066
Model 3: llik = -1692.296 ... best llik = -1692.296
Model 4: llik = -1701.696 ... best llik = -1692.296
Model 5: llik = -1699.016 ... best llik = -1692.296
Conditional item response (column) probabilities,
 by outcome variable, for each class (row) 
 
$Q_Experiencecode
           Pr(1)  Pr(2)  Pr(3)  Pr(4)  Pr(5)
class 1:  0.6699 0.1233 0.0826 0.0416 0.0826
class 2:  0.3359 0.1342 0.2043 0.2586 0.0669
class 3:  0.6669 0.2200 0.1130 0.0000 0.0000
class 4:  0.6468 0.0563 0.1806 0.1163 0.0000
class 5:  0.8861 0.1139 0.0000 0.0000 0.0000

$Q_Info_Governmentcode
           Pr(1)  Pr(2)  Pr(3)  Pr(4)  Pr(5)
class 1:  0.0450 0.2126 0.3709 0.3303 0.0413
class 2:  0.1360 0.3921 0.2711 0.2008 0.0000
class 3:  0.7339 0.2246 0.0416 0.0000 0.0000
class 4:  0.3494 0.2863 0.3643 0.0000 0.0000
class 5:  0.7239 0.2409 0.0000 0.0000 0.0353

$Q_Info_WeatherForecastcode
           Pr(1)  Pr(2)  Pr(3)  Pr(4)  Pr(5)  Pr(6)
class 1:  0.2469 0.0000 0.2069 0.3791 0.1253 0.0418
class 2:  0.0000 0.1970 0.0000 0.0000 0.1340 0.6689
class 3:  0.5801 0.3967 0.0000 0.0232 0.0000 0.0000
class 4:  0.0941 0.2705 0.4418 0.1093 0.0843 0.0000
class 5:  0.1854 0.3181 0.2578 0.0989 0.1048 0.0351

$Q_Info_Scientificcode
           Pr(1)  Pr(2)  Pr(3)  Pr(4)  Pr(5)
class 1:  0.2127 0.1670 0.3299 0.2079 0.0826
class 2:  0.2053 0.2030 0.3245 0.2003 0.0669
class 3:  0.8563 0.1219 0.0218 0.0000 0.0000
class 4:  0.6031 0.1686 0.2283 0.0000 0.0000
class 5:  0.4733 0.3516 0.1055 0.0696 0.0000

$Q_Info_GeneralMediacode
           Pr(1)  Pr(2)  Pr(3)  Pr(4)  Pr(5)  Pr(6)
class 1:  0.0406 0.0000 0.0432 0.5449 0.3713 0.0000
class 2:  0.0665 0.0703 0.0685 0.0565 0.2697 0.4686
class 3:  0.2454 0.4768 0.1845 0.0933 0.0000 0.0000
class 4:  0.0000 0.0715 0.7435 0.1575 0.0275 0.0000
class 5:  0.0000 0.0371 0.3704 0.5220 0.0000 0.0706

$Q_Info_SocialMediacode
           Pr(1)  Pr(2)  Pr(3)  Pr(4)  Pr(5)  Pr(6)
class 1:  0.0000 0.0837 0.0844 0.5840 0.2480 0.0000
class 2:  0.1339 0.0696 0.2612 0.0000 0.1335 0.4017
class 3:  0.5646 0.3643 0.0138 0.0572 0.0000 0.0000
class 4:  0.1903 0.0000 0.7702 0.0396 0.0000 0.0000
class 5:  0.0558 0.2146 0.2483 0.3403 0.0352 0.1058

$Q_FloodFuturecode
           Pr(1)  Pr(2)  Pr(3)  Pr(4)  Pr(5)
class 1:  0.1647 0.1244 0.2152 0.3719 0.1239
class 2:  0.5272 0.0000 0.1349 0.3379 0.0000
class 3:  0.3232 0.4288 0.0571 0.1909 0.0000
class 4:  0.1775 0.3329 0.0786 0.4111 0.0000
class 5:  0.0000 0.4290 0.5710 0.0000 0.0000

$Q_ClimateChangecode
           Pr(1)  Pr(2)  Pr(3)  Pr(4)  Pr(5)
class 1:  0.0000 0.0826 0.2130 0.4567 0.2477
class 2:  0.3241 0.0693 0.0669 0.3368 0.2028
class 3:  0.0186 0.3700 0.2205 0.2909 0.1001
class 4:  0.0634 0.3520 0.0960 0.4313 0.0573
class 5:  0.0000 0.0473 0.3045 0.6118 0.0364

$Q_Threatcode
           Pr(1)  Pr(2)  Pr(3)  Pr(4)  Pr(5)
class 1:  0.0000 0.2071 0.2973 0.4956 0.0000
class 2:  0.5250 0.0000 0.3388 0.0693 0.0669
class 3:  0.2355 0.2141 0.4037 0.1045 0.0422
class 4:  0.2428 0.2111 0.1399 0.4061 0.0000
class 5:  0.0000 0.0000 0.7404 0.1560 0.1035

Estimated class population shares 
 0.1594 0.0983 0.3223 0.2335 0.1865 
 
Predicted class memberships (by modal posterior prob.) 
 0.1579 0.0987 0.3289 0.2303 0.1842 
 
========================================================= 
Fit for 5 latent classes: 
========================================================= 
number of observations: 152 
number of estimated parameters: 199 
residual degrees of freedom: -47 
maximum log-likelihood: -1692.296 
 
AIC(5): 3782.591
BIC(5): 4384.344
G^2(5): 1868.422 (Likelihood ratio/deviance statistic) 
X^2(5): 1740252 (Chi-square goodness of fit) 
 
ALERT: number of parameters estimated ( 199 ) exceeds number of observations ( 152 ) 
 
ALERT: negative degrees of freedom; respecify model 
 
[1] 0.3437767 0.5198232 0.1364002
$Q_Experiencecode
              Pr(1)         Pr(2)      Pr(3)      Pr(4)      Pr(5)
class 1:  0.6143949  1.505042e-01 0.12207484 0.07478936 0.03823664
class 2:  0.7255004  1.662451e-01 0.08366451 0.02459002 0.00000000
class 3:  0.6063489 3.289309e-164 0.19343726 0.15188564 0.04832824

$Q_Info_Governmentcode
               Pr(1)     Pr(2)      Pr(3)         Pr(4)      Pr(5)
class 1:  0.41723937 0.1603244 0.28990823  1.325280e-01 0.00000000
class 2:  0.62131118 0.2922685 0.08642035 1.923389e-200 0.00000000
class 3:  0.05333641 0.3631610 0.29049486  1.965423e-01 0.09646539

$Q_Info_WeatherForecastcode
               Pr(1)     Pr(2)        Pr(3)      Pr(4)      Pr(5)         Pr(6)
class 1:  0.09806993 0.1398385 3.497537e-01 0.26184537 0.07394342  7.654909e-02
class 2:  0.44938395 0.3984566 1.230676e-01 0.01606337 0.01302854 2.450754e-103
class 3:  0.11422557 0.1065736 1.736264e-36 0.09879512 0.29454411  3.858616e-01

$Q_Info_Scientificcode
              Pr(1)     Pr(2)      Pr(3)        Pr(4)     Pr(5)
class 1:  0.3921278 0.2315952 0.26176310 1.145139e-01 0.0000000
class 2:  0.7755923 0.1737424 0.05066532 2.190396e-53 0.0000000
class 3:  0.1556835 0.1529115 0.35299546 1.937114e-01 0.1446981

$Q_Info_GeneralMediacode
                  Pr(1)         Pr(2)     Pr(3)     Pr(4)        Pr(5)        Pr(6)
class 1:   3.854530e-02  1.614651e-27 0.3019428 0.4902595 1.692524e-01 2.632424e-25
class 2:   1.516944e-01  3.543715e-01 0.3635268 0.1304072 1.820767e-13 0.000000e+00
class 3:  2.258181e-210 1.305420e-107 0.1687601 0.1484638 2.486818e-01 4.340943e-01

$Q_Info_SocialMediacode
               Pr(1)         Pr(2)     Pr(3)      Pr(4)         Pr(5)         Pr(6)
class 1:  0.11673559  1.051610e-01 0.2793028 0.38599944  7.500766e-02  3.779347e-02
class 2:  0.39097549  2.721689e-01 0.2509602 0.08589541 5.387762e-181 6.228019e-139
class 3:  0.04861361 1.537914e-115 0.3171851 0.05031157  2.450484e-01  3.388413e-01

$Q_FloodFuturecode
               Pr(1)     Pr(2)     Pr(3)     Pr(4)         Pr(5)
class 1:  0.07022301 0.1640511 0.2757283 0.4325858  5.741182e-02
class 2:  0.25710906 0.4606525 0.1306985 0.1515400  0.000000e+00
class 3:  0.48307807 0.1461486 0.2057213 0.1650521 2.898378e-137

$Q_ClimateChangecode
               Pr(1)     Pr(2)     Pr(3)     Pr(4)         Pr(5)
class 1:  0.00000000 0.1081950 0.1158693 0.5427321  2.332037e-01
class 2:  0.02613611 0.3450968 0.2375416 0.3302968  6.092864e-02
class 3:  0.28625643 0.1002852 0.2014418 0.4120166 1.865377e-119

$Q_Threatcode
                 Pr(1)        Pr(2)      Pr(3)      Pr(4)        Pr(5)
class 1:  8.883642e-19 3.517122e-23 0.47045954 0.52954046 1.455245e-33
class 2:  2.404139e-01 2.226284e-01 0.39677585 0.08956737 5.061454e-02
class 3:  4.342944e-01 2.609117e-01 0.09965277 0.10863778 9.650336e-02

[1] "Pr(1)" "Pr(2)" "Pr(3)" "Pr(4)" "Pr(5)"
null device 
          1 
null device 
          1 
Model 1: llik = -1762.451 ... best llik = -1762.451
Model 2: llik = -1773.585 ... best llik = -1762.451
Model 3: llik = -1769.566 ... best llik = -1762.451
Model 4: llik = -1766.306 ... best llik = -1762.451
Model 5: llik = -1770.432 ... best llik = -1762.451
Model 6: llik = -1773.773 ... best llik = -1762.451
Model 7: llik = -1768.211 ... best llik = -1762.451
Model 8: llik = -1784.562 ... best llik = -1762.451
Model 9: llik = -1780.196 ... best llik = -1762.451
Model 10: llik = -1768.091 ... best llik = -1762.451
Conditional item response (column) probabilities,
 by outcome variable, for each class (row) 
 
$Q_Experiencecode
           Pr(1)  Pr(2)  Pr(3)  Pr(4)  Pr(5)
class 1:  0.5871 0.1492 0.1628 0.0611 0.0397
class 2:  0.7465 0.1686 0.0849 0.0000 0.0000
class 3:  0.5863 0.0000 0.0935 0.2738 0.0465

$Q_Info_Governmentcode
           Pr(1)  Pr(2)  Pr(3)  Pr(4)  Pr(5)
class 1:  0.3787 0.1446 0.3182 0.1584 0.0000
class 2:  0.6364 0.2781 0.0854 0.0000 0.0000
class 3:  0.0914 0.4359 0.2395 0.1409 0.0923

$Q_Info_WeatherForecastcode
           Pr(1)  Pr(2)  Pr(3)  Pr(4)  Pr(5)  Pr(6)
class 1:  0.0908 0.1094 0.3320 0.2696 0.0985 0.0997
class 2:  0.4510 0.3794 0.1416 0.0175 0.0105 0.0000
class 3:  0.1056 0.2349 0.0000 0.0958 0.2408 0.3229

$Q_Info_Scientificcode
           Pr(1)  Pr(2)  Pr(3)  Pr(4)  Pr(5)
class 1:  0.3650 0.2274 0.2684 0.1393 0.0000
class 2:  0.7515 0.1811 0.0674 0.0000 0.0000
class 3:  0.2975 0.1418 0.2832 0.1391 0.1384

$Q_Info_GeneralMediacode
           Pr(1)  Pr(2)  Pr(3)  Pr(4)  Pr(5)  Pr(6)
class 1:  0.0384 0.0000 0.2899 0.4722 0.1596 0.0399
class 2:  0.1506 0.3343 0.3631 0.1520 0.0000 0.0000
class 3:  0.0000 0.0553 0.2005 0.1447 0.2766 0.3229

$Q_Info_SocialMediacode
           Pr(1)  Pr(2)  Pr(3)  Pr(4)  Pr(5)  Pr(6)
class 1:  0.1234 0.1042 0.2548 0.3797 0.0781 0.0598
class 2:  0.3968 0.2587 0.2458 0.0987 0.0000 0.0000
class 3:  0.0000 0.0476 0.3930 0.0482 0.2344 0.2768

$Q_FloodFuturecode
           Pr(1)  Pr(2)  Pr(3)  Pr(4)  Pr(5)
class 1:  0.0464 0.1345 0.2705 0.4888 0.0598
class 2:  0.2458 0.4737 0.1268 0.1537 0.0000
class 3:  0.5519 0.1512 0.2432 0.0538 0.0000

$Q_ClimateChangecode
           Pr(1)  Pr(2)  Pr(3)  Pr(4)  Pr(5)
class 1:  0.0000 0.0752 0.1049 0.5813 0.2386
class 2:  0.0127 0.3503 0.2310 0.3432 0.0628
class 3:  0.3220 0.1452 0.2406 0.2922 0.0000

$Q_Threatcode
           Pr(1)  Pr(2) Pr(3)  Pr(4)  Pr(5)
class 1:  0.0000 0.0000 0.493 0.5070 0.0000
class 2:  0.2197 0.2101 0.415 0.1054 0.0498
class 3:  0.4791 0.2841 0.000 0.1444 0.0925

Estimated class population shares 
 0.3299 0.5275 0.1426 
 
Predicted class memberships (by modal posterior prob.) 
 0.3289 0.5329 0.1382 
 
========================================================= 
Fit for 3 latent classes: 
========================================================= 
number of observations: 152 
number of estimated parameters: 119 
residual degrees of freedom: 33 
maximum log-likelihood: -1762.451 
 
AIC(3): 3762.903
BIC(3): 4122.744
G^2(3): 2008.733 (Likelihood ratio/deviance statistic) 
X^2(3): 1783075 (Chi-square goodness of fit) 
 
 [1] "llik"           "attempts"       "probs.start"    "probs"          "probs.se"       "P.se"          
 [7] "posterior"      "predclass"      "P"              "numiter"        "probs.start.ok" "coeff"         
[13] "coeff.se"       "coeff.V"        "eflag"          "npar"           "aic"            "bic"           
[19] "Nobs"           "Chisq"          "predcell"       "Gsq"            "y"              "x"             
[25] "N"              "maxiter"        "resid.df"       "time"           "call"          
[1] 23
# A tibble: 6 × 23
     id Q_SurveyFinished Q_RecordedDate      Q_Consent       Q_PlayerNumber Q_Experience Q_Experiencecode Q_Info_Government Q_Info_Governmentcode
  <dbl> <chr>            <dttm>              <chr>           <chr>          <chr>        <chr>            <chr>             <chr>                
1     1 True             2024-09-24 02:24:14 Yes, I agree t… t3p6           No, I do no… 1                Never             1                    
2     2 True             2024-09-24 02:25:21 Yes, I agree t… t5p3           No, I do no… 1                Once in the last… 2                    
3     3 True             2024-09-24 02:25:39 Yes, I agree t… t4p6           No, I do no… 1                Once in the last… 3                    
4     4 True             2024-09-24 02:25:58 Yes, I agree t… t2p6           No, I do no… 1                Never             1                    
5     5 True             2024-09-24 02:26:19 Yes, I agree t… t2p8           Yes, but wi… 2                Never             1                    
6     6 True             2024-09-24 02:26:34 Yes, I agree t… t4p8           No, I do no… 1                Never             1                    
# ℹ 14 more variables: Q_Info_WeatherForecast <chr>, Q_Info_WeatherForecastcode <chr>, Q_Info_Scientific <chr>, Q_Info_Scientificcode <chr>,
#   Q_Info_GeneralMedia <chr>, Q_Info_GeneralMediacode <chr>, Q_Info_SocialMedia <chr>, Q_Info_SocialMediacode <chr>, Q_FloodFuture <chr>,
#   Q_FloodFuturecode <chr>, Q_ClimateChange <chr>, Q_ClimateChangecode <chr>, Q_Threat <chr>, Q_Threatcode <chr>
[1] 23
# A tibble: 6 × 23
     id Q_SurveyFinished Q_RecordedDate      Q_Consent       Q_PlayerNumber Q_Experience Q_Experiencecode Q_Info_Government Q_Info_Governmentcode
  <dbl> <chr>            <dttm>              <chr>           <chr>          <chr>        <chr>            <chr>             <chr>                
1     1 True             2024-09-24 02:24:14 Yes, I agree t… t3p6           No, I do no… 1                Never             1                    
2     2 True             2024-09-24 02:25:21 Yes, I agree t… t5p3           No, I do no… 1                Once in the last… 2                    
3     3 True             2024-09-24 02:25:39 Yes, I agree t… t4p6           No, I do no… 1                Once in the last… 3                    
4     4 True             2024-09-24 02:25:58 Yes, I agree t… t2p6           No, I do no… 1                Never             1                    
5     5 True             2024-09-24 02:26:19 Yes, I agree t… t2p8           Yes, but wi… 2                Never             1                    
6     6 True             2024-09-24 02:26:34 Yes, I agree t… t4p8           No, I do no… 1                Never             1                    
# ℹ 14 more variables: Q_Info_WeatherForecast <chr>, Q_Info_WeatherForecastcode <chr>, Q_Info_Scientific <chr>, Q_Info_Scientificcode <chr>,
#   Q_Info_GeneralMedia <chr>, Q_Info_GeneralMediacode <chr>, Q_Info_SocialMedia <chr>, Q_Info_SocialMediacode <chr>, Q_FloodFuture <chr>,
#   Q_FloodFuturecode <chr>, Q_ClimateChange <chr>, Q_ClimateChangecode <chr>, Q_Threat <chr>, Q_Threatcode <chr>
[1] 23
RStudioGD 
        2 
Conditional item response (column) probabilities,
 by outcome variable, for each class (row) 
 
$Q_Experiencecode
           Pr(1)  Pr(2)  Pr(3)  Pr(4)  Pr(5)
class 1:  0.6095 0.0929 0.1422 0.1061 0.0493
class 2:  0.7122 0.1684 0.0915 0.0279 0.0000

$Q_Info_Governmentcode
           Pr(1)  Pr(2)  Pr(3)  Pr(4)  Pr(5)
class 1:  0.2198 0.2293 0.3374 0.1807 0.0328
class 2:  0.6433 0.2748 0.0819 0.0000 0.0000

$Q_Info_WeatherForecastcode
           Pr(1)  Pr(2)  Pr(3)  Pr(4)  Pr(5)  Pr(6)
class 1:  0.1011 0.1184 0.2113 0.2085 0.1636 0.1971
class 2:  0.4044 0.3709 0.1661 0.0473 0.0114 0.0000

$Q_Info_Scientificcode
           Pr(1)  Pr(2)  Pr(3)  Pr(4)  Pr(5)
class 1:  0.2731 0.1967 0.3167 0.1642 0.0493
class 2:  0.7504 0.1868 0.0627 0.0000 0.0000

$Q_Info_GeneralMediacode
           Pr(1)  Pr(2)  Pr(3)  Pr(4)  Pr(5)  Pr(6)
class 1:  0.0267 0.0000 0.2203 0.3753 0.2299 0.1478
class 2:  0.1358 0.3073 0.3796 0.1773 0.0000 0.0000

$Q_Info_SocialMediacode
           Pr(1)  Pr(2)  Pr(3)  Pr(4)  Pr(5)  Pr(6)
class 1:  0.0698 0.0637 0.2790 0.2919 0.1478 0.1478
class 2:  0.3704 0.2538 0.2636 0.1122 0.0000 0.0000

$Q_FloodFuturecode
           Pr(1)  Pr(2)  Pr(3)  Pr(4)  Pr(5)
class 1:  0.2208 0.1269 0.2288 0.3742 0.0493
class 2:  0.2256 0.4420 0.1654 0.1670 0.0000

$Q_ClimateChangecode
           Pr(1)  Pr(2)  Pr(3)  Pr(4)  Pr(5)
class 1:  0.0958 0.1075 0.1394 0.4868 0.1705
class 2:  0.0238 0.3123 0.2252 0.3661 0.0727

$Q_Threatcode
           Pr(1)  Pr(2)  Pr(3)  Pr(4)  Pr(5)
class 1:  0.1598 0.0915 0.3249 0.3904 0.0333
class 2:  0.2005 0.1913 0.4194 0.1452 0.0436

Estimated class population shares 
 0.4006 0.5994 
 
Predicted class memberships (by modal posterior prob.) 
 0.4013 0.5987 
 
========================================================= 
Fit for 2 latent classes: 
========================================================= 
number of observations: 152 
number of estimated parameters: 79 
residual degrees of freedom: 73 
maximum log-likelihood: -1822.766 
 
AIC(2): 3803.533
BIC(2): 4042.419
G^2(2): 2129.363 (Likelihood ratio/deviance statistic) 
X^2(2): 2420789 (Chi-square goodness of fit) 
 
Conditional item response (column) probabilities,
 by outcome variable, for each class (row) 
 
$Q_Experiencecode
           Pr(1)  Pr(2)  Pr(3)  Pr(4)  Pr(5)
class 1:  0.6063 0.0000 0.1934 0.1519 0.0483
class 2:  0.6144 0.1505 0.1221 0.0748 0.0382
class 3:  0.7255 0.1662 0.0837 0.0246 0.0000

$Q_Info_Governmentcode
           Pr(1)  Pr(2)  Pr(3)  Pr(4)  Pr(5)
class 1:  0.0533 0.3632 0.2905 0.1965 0.0965
class 2:  0.4172 0.1603 0.2899 0.1325 0.0000
class 3:  0.6213 0.2923 0.0864 0.0000 0.0000

$Q_Info_WeatherForecastcode
           Pr(1)  Pr(2)  Pr(3)  Pr(4)  Pr(5)  Pr(6)
class 1:  0.1142 0.1066 0.0000 0.0988 0.2945 0.3859
class 2:  0.0981 0.1398 0.3498 0.2618 0.0739 0.0765
class 3:  0.4494 0.3985 0.1231 0.0161 0.0130 0.0000

$Q_Info_Scientificcode
           Pr(1)  Pr(2)  Pr(3)  Pr(4)  Pr(5)
class 1:  0.1557 0.1529 0.3530 0.1937 0.1447
class 2:  0.3921 0.2316 0.2618 0.1145 0.0000
class 3:  0.7756 0.1737 0.0507 0.0000 0.0000

$Q_Info_GeneralMediacode
           Pr(1)  Pr(2)  Pr(3)  Pr(4)  Pr(5)  Pr(6)
class 1:  0.0000 0.0000 0.1688 0.1485 0.2487 0.4341
class 2:  0.0385 0.0000 0.3019 0.4903 0.1693 0.0000
class 3:  0.1517 0.3544 0.3635 0.1304 0.0000 0.0000

$Q_Info_SocialMediacode
           Pr(1)  Pr(2)  Pr(3)  Pr(4) Pr(5)  Pr(6)
class 1:  0.0486 0.0000 0.3172 0.0503 0.245 0.3388
class 2:  0.1167 0.1052 0.2793 0.3860 0.075 0.0378
class 3:  0.3910 0.2722 0.2510 0.0859 0.000 0.0000

$Q_FloodFuturecode
           Pr(1)  Pr(2)  Pr(3)  Pr(4)  Pr(5)
class 1:  0.4831 0.1461 0.2057 0.1651 0.0000
class 2:  0.0702 0.1641 0.2757 0.4326 0.0574
class 3:  0.2571 0.4607 0.1307 0.1515 0.0000

$Q_ClimateChangecode
           Pr(1)  Pr(2)  Pr(3)  Pr(4)  Pr(5)
class 1:  0.2863 0.1003 0.2014 0.4120 0.0000
class 2:  0.0000 0.1082 0.1159 0.5427 0.2332
class 3:  0.0261 0.3451 0.2375 0.3303 0.0609

$Q_Threatcode
           Pr(1)  Pr(2)  Pr(3)  Pr(4)  Pr(5)
class 1:  0.4343 0.2609 0.0997 0.1086 0.0965
class 2:  0.0000 0.0000 0.4705 0.5295 0.0000
class 3:  0.2404 0.2226 0.3968 0.0896 0.0506

Estimated class population shares 
 0.1364 0.3438 0.5198 
 
Predicted class memberships (by modal posterior prob.) 
 0.1316 0.3421 0.5263 
 
========================================================= 
Fit for 3 latent classes: 
========================================================= 
number of observations: 152 
number of estimated parameters: 119 
residual degrees of freedom: 33 
maximum log-likelihood: -1762.8 
 
AIC(3): 3763.6
BIC(3): 4123.442
G^2(3): 2009.431 (Likelihood ratio/deviance statistic) 
X^2(3): 1542138 (Chi-square goodness of fit) 
 
Conditional item response (column) probabilities,
 by outcome variable, for each class (row) 
 
$Q_Experiencecode
           Pr(1)  Pr(2)  Pr(3)  Pr(4)  Pr(5)
class 1:  0.6436 0.1884 0.0922 0.0758 0.0000
class 2:  0.7297 0.0945 0.1233 0.0526 0.0000
class 3:  0.5670 0.1729 0.1872 0.0362 0.0368
class 4:  0.7348 0.0627 0.0000 0.0678 0.1347

$Q_Info_Governmentcode
           Pr(1)  Pr(2)  Pr(3)  Pr(4)  Pr(5)
class 1:  0.6147 0.2367 0.0731 0.0567 0.0189
class 2:  0.5281 0.2247 0.2472 0.0000 0.0000
class 3:  0.1851 0.1149 0.3693 0.2940 0.0368
class 4:  0.2906 0.7094 0.0000 0.0000 0.0000

$Q_Info_WeatherForecastcode
           Pr(1)  Pr(2)  Pr(3)  Pr(4)  Pr(5)  Pr(6)
class 1:  0.4620 0.3864 0.0000 0.0379 0.0736 0.0402
class 2:  0.2322 0.2252 0.3877 0.1179 0.0370 0.0000
class 3:  0.1460 0.0365 0.2173 0.1977 0.1836 0.2190
class 4:  0.0891 0.4518 0.0000 0.1953 0.0000 0.2637

$Q_Info_Scientificcode
           Pr(1)  Pr(2)  Pr(3)  Pr(4)  Pr(5)
class 1:  0.7414 0.1085 0.0930 0.0193 0.0378
class 2:  0.6206 0.2185 0.1432 0.0176 0.0000
class 3:  0.2266 0.1460 0.2975 0.2932 0.0368
class 4:  0.2827 0.4601 0.2572 0.0000 0.0000

$Q_Info_GeneralMediacode
           Pr(1)  Pr(2)  Pr(3)  Pr(4)  Pr(5)  Pr(6)
class 1:  0.2071 0.4718 0.1093 0.0407 0.1133 0.0578
class 2:  0.0000 0.0527 0.6886 0.2587 0.0000 0.0000
class 3:  0.0742 0.0000 0.0391 0.5199 0.2198 0.1469
class 4:  0.0681 0.0000 0.1291 0.5361 0.1361 0.1307

$Q_Info_SocialMediacode
           Pr(1)  Pr(2)  Pr(3)  Pr(4)  Pr(5)  Pr(6)
class 1:  0.4770 0.3157 0.0552 0.0000 0.0949 0.0571
class 2:  0.2007 0.1253 0.5795 0.0945 0.0000 0.0000
class 3:  0.0475 0.0453 0.0380 0.5036 0.1460 0.2196
class 4:  0.0000 0.1281 0.2710 0.6009 0.0000 0.0000

$Q_FloodFuturecode
           Pr(1)  Pr(2)  Pr(3)  Pr(4)  Pr(5)
class 1:  0.4376 0.3866 0.0412 0.1346 0.0000
class 2:  0.1315 0.3303 0.2616 0.2765 0.0000
class 3:  0.0000 0.0000 0.4072 0.4825 0.1103
class 4:  0.2238 0.5861 0.0560 0.1340 0.0000

$Q_ClimateChangecode
           Pr(1)  Pr(2)  Pr(3)  Pr(4)  Pr(5)
class 1:  0.0550 0.4001 0.2142 0.2344 0.0964
class 2:  0.0369 0.2023 0.1400 0.5508 0.0700
class 3:  0.0000 0.0441 0.0780 0.5872 0.2907
class 4:  0.2011 0.0725 0.5090 0.2173 0.0000

$Q_Threatcode
           Pr(1)  Pr(2)  Pr(3)  Pr(4)  Pr(5)
class 1:  0.2800 0.2507 0.3114 0.1008 0.0571
class 2:  0.1386 0.1705 0.3546 0.3016 0.0347
class 3:  0.0000 0.0000 0.4696 0.4936 0.0368
class 4:  0.3549 0.0000 0.5746 0.0705 0.0000

Estimated class population shares 
 0.3486 0.3748 0.179 0.0977 
 
Predicted class memberships (by modal posterior prob.) 
 0.3487 0.375 0.1776 0.0987 
 
========================================================= 
Fit for 4 latent classes: 
========================================================= 
number of observations: 152 
number of estimated parameters: 159 
residual degrees of freedom: -7 
maximum log-likelihood: -1768.552 
 
AIC(4): 3855.104
BIC(4): 4335.901
G^2(4): 2020.935 (Likelihood ratio/deviance statistic) 
X^2(4): 19564721 (Chi-square goodness of fit) 
 
ALERT: number of parameters estimated ( 159 ) exceeds number of observations ( 152 ) 
 
ALERT: negative degrees of freedom; respecify model 
 
Conditional item response (column) probabilities,
 by outcome variable, for each class (row) 
 
$Q_Experiencecode
           Pr(1)  Pr(2)  Pr(3)  Pr(4)  Pr(5)
class 1:  0.6184 0.2552 0.1264 0.0000 0.0000
class 2:  0.7726 0.1343 0.0346 0.0585 0.0000
class 3:  0.7191 0.0000 0.2438 0.0370 0.0000
class 4:  0.6921 0.0880 0.0000 0.1759 0.0440
class 5:  0.5694 0.1592 0.1509 0.0604 0.0601

$Q_Info_Governmentcode
           Pr(1)  Pr(2)  Pr(3)  Pr(4)  Pr(5)
class 1:  0.9063 0.0937 0.0000 0.0000 0.0000
class 2:  0.5780 0.0806 0.2824 0.0590 0.0000
class 3:  0.1697 0.6433 0.1870 0.0000 0.0000
class 4:  0.3871 0.3949 0.2181 0.0000 0.0000
class 5:  0.2000 0.2189 0.2523 0.2688 0.0601

$Q_Info_WeatherForecastcode
           Pr(1)  Pr(2)  Pr(3)  Pr(4)  Pr(5)  Pr(6)
class 1:  0.7882 0.1522 0.0000 0.0596 0.0000 0.0000
class 2:  0.2577 0.0491 0.4228 0.2130 0.0000 0.0573
class 3:  0.0486 0.8353 0.0000 0.0000 0.1161 0.0000
class 4:  0.0000 0.3873 0.3901 0.0471 0.0000 0.1755
class 5:  0.1470 0.1058 0.1334 0.1928 0.2403 0.1807

$Q_Info_Scientificcode
           Pr(1)  Pr(2)  Pr(3)  Pr(4)  Pr(5)
class 1:  0.9036 0.0964 0.0000 0.0000 0.0000
class 2:  0.6439 0.1944 0.1617 0.0000 0.0000
class 3:  0.5514 0.4130 0.0356 0.0000 0.0000
class 4:  0.5644 0.1339 0.3017 0.0000 0.0000
class 5:  0.1071 0.1538 0.3486 0.3004 0.0901

$Q_Info_GeneralMediacode
           Pr(1)  Pr(2)  Pr(3)  Pr(4)  Pr(5)  Pr(6)
class 1:  0.3122 0.3571 0.1629 0.1677 0.0000 0.0000
class 2:  0.0000 0.0000 0.6331 0.3669 0.0000 0.0000
class 3:  0.0365 0.3327 0.4712 0.1596 0.0000 0.0000
class 4:  0.0000 0.2976 0.3546 0.1726 0.0440 0.1312
class 5:  0.0602 0.0000 0.0000 0.3686 0.3905 0.1807

$Q_Info_SocialMediacode
           Pr(1)  Pr(2)  Pr(3)  Pr(4)  Pr(5)  Pr(6)
class 1:  0.7092 0.2268 0.0000 0.0639 0.0000 0.0000
class 2:  0.0714 0.2165 0.4612 0.2508 0.0000 0.0000
class 3:  0.1688 0.2158 0.4230 0.1924 0.0000 0.0000
class 4:  0.1686 0.2584 0.5295 0.0000 0.0435 0.0000
class 5:  0.0667 0.0000 0.0604 0.3620 0.2406 0.2703

$Q_FloodFuturecode
           Pr(1)  Pr(2)  Pr(3)  Pr(4)  Pr(5)
class 1:  0.2855 0.4394 0.0779 0.1972 0.0000
class 2:  0.0337 0.1843 0.3904 0.3916 0.0000
class 3:  0.0000 0.6689 0.0849 0.2461 0.0000
class 4:  0.7342 0.1834 0.0000 0.0825 0.0000
class 5:  0.1813 0.1379 0.3149 0.2758 0.0901

$Q_ClimateChangecode
           Pr(1)  Pr(2)  Pr(3)  Pr(4)  Pr(5)
class 1:  0.0283 0.2463 0.2552 0.3836 0.0867
class 2:  0.0000 0.0000 0.1848 0.6667 0.1485
class 3:  0.0387 0.2891 0.2423 0.3245 0.1054
class 4:  0.2200 0.7314 0.0000 0.0487 0.0000
class 5:  0.0301 0.0658 0.2189 0.5036 0.1816

$Q_Threatcode
           Pr(1)  Pr(2)  Pr(3)  Pr(4)  Pr(5)
class 1:  0.2216 0.2614 0.3133 0.1196 0.0840
class 2:  0.0284 0.0860 0.5688 0.3168 0.0000
class 3:  0.1274 0.1805 0.5428 0.1102 0.0391
class 4:  0.6085 0.0482 0.0471 0.2961 0.0000
class 5:  0.0615 0.1502 0.3619 0.3658 0.0605

Estimated class population shares 
 0.2329 0.2286 0.17 0.1495 0.219 
 
Predicted class memberships (by modal posterior prob.) 
 0.2368 0.2368 0.1645 0.1513 0.2105 
 
========================================================= 
Fit for 5 latent classes: 
========================================================= 
number of observations: 152 
number of estimated parameters: 199 
residual degrees of freedom: -47 
maximum log-likelihood: -1694.36 
 
AIC(5): 3786.72
BIC(5): 4388.473
G^2(5): 1872.551 (Likelihood ratio/deviance statistic) 
X^2(5): 1254110 (Chi-square goodness of fit) 
 
ALERT: number of parameters estimated ( 199 ) exceeds number of observations ( 152 ) 
 
ALERT: negative degrees of freedom; respecify model 
 
  Classes LogLikelihood      AIC      BIC Entropy
1       2     -1822.766 3803.533 4042.419     NaN
2       3     -1762.800 3763.600 4123.442     NaN
3       4     -1768.552 3855.104 4335.901     NaN
4       5     -1694.360 3786.720 4388.473     NaN
Conditional item response (column) probabilities,
 by outcome variable, for each class (row) 
 
$Q_Experiencecode
           Pr(1)  Pr(2)  Pr(3)  Pr(4)  Pr(5)
class 1:  0.6095 0.0929 0.1422 0.1061 0.0493
class 2:  0.7122 0.1684 0.0915 0.0279 0.0000

$Q_Info_Governmentcode
           Pr(1)  Pr(2)  Pr(3)  Pr(4)  Pr(5)
class 1:  0.2198 0.2293 0.3374 0.1807 0.0328
class 2:  0.6433 0.2748 0.0819 0.0000 0.0000

$Q_Info_WeatherForecastcode
           Pr(1)  Pr(2)  Pr(3)  Pr(4)  Pr(5)  Pr(6)
class 1:  0.1011 0.1184 0.2113 0.2085 0.1636 0.1971
class 2:  0.4044 0.3709 0.1661 0.0473 0.0114 0.0000

$Q_Info_Scientificcode
           Pr(1)  Pr(2)  Pr(3)  Pr(4)  Pr(5)
class 1:  0.2731 0.1967 0.3167 0.1642 0.0493
class 2:  0.7504 0.1868 0.0627 0.0000 0.0000

$Q_Info_GeneralMediacode
           Pr(1)  Pr(2)  Pr(3)  Pr(4)  Pr(5)  Pr(6)
class 1:  0.0267 0.0000 0.2203 0.3753 0.2299 0.1478
class 2:  0.1358 0.3073 0.3796 0.1773 0.0000 0.0000

$Q_Info_SocialMediacode
           Pr(1)  Pr(2)  Pr(3)  Pr(4)  Pr(5)  Pr(6)
class 1:  0.0698 0.0637 0.2790 0.2919 0.1478 0.1478
class 2:  0.3704 0.2538 0.2636 0.1122 0.0000 0.0000

$Q_FloodFuturecode
           Pr(1)  Pr(2)  Pr(3)  Pr(4)  Pr(5)
class 1:  0.2208 0.1269 0.2288 0.3742 0.0493
class 2:  0.2256 0.4420 0.1654 0.1670 0.0000

$Q_ClimateChangecode
           Pr(1)  Pr(2)  Pr(3)  Pr(4)  Pr(5)
class 1:  0.0958 0.1075 0.1394 0.4868 0.1705
class 2:  0.0238 0.3123 0.2252 0.3661 0.0727

$Q_Threatcode
           Pr(1)  Pr(2)  Pr(3)  Pr(4)  Pr(5)
class 1:  0.1598 0.0915 0.3249 0.3904 0.0333
class 2:  0.2005 0.1913 0.4194 0.1452 0.0436

Estimated class population shares 
 0.4006 0.5994 
 
Predicted class memberships (by modal posterior prob.) 
 0.4013 0.5987 
 
========================================================= 
Fit for 2 latent classes: 
========================================================= 
number of observations: 152 
number of estimated parameters: 79 
residual degrees of freedom: 73 
maximum log-likelihood: -1822.766 
 
AIC(2): 3803.533
BIC(2): 4042.419
G^2(2): 2129.363 (Likelihood ratio/deviance statistic) 
X^2(2): 2420789 (Chi-square goodness of fit) 
 
Conditional item response (column) probabilities,
 by outcome variable, for each class (row) 
 
$Q_Experiencecode
           Pr(1)  Pr(2)  Pr(3)  Pr(4)  Pr(5)
class 1:  0.6063 0.0000 0.1934 0.1519 0.0483
class 2:  0.6144 0.1505 0.1221 0.0748 0.0382
class 3:  0.7255 0.1662 0.0837 0.0246 0.0000

$Q_Info_Governmentcode
           Pr(1)  Pr(2)  Pr(3)  Pr(4)  Pr(5)
class 1:  0.0533 0.3632 0.2905 0.1965 0.0965
class 2:  0.4172 0.1603 0.2899 0.1325 0.0000
class 3:  0.6213 0.2923 0.0864 0.0000 0.0000

$Q_Info_WeatherForecastcode
           Pr(1)  Pr(2)  Pr(3)  Pr(4)  Pr(5)  Pr(6)
class 1:  0.1142 0.1066 0.0000 0.0988 0.2945 0.3859
class 2:  0.0981 0.1398 0.3498 0.2618 0.0739 0.0765
class 3:  0.4494 0.3985 0.1231 0.0161 0.0130 0.0000

$Q_Info_Scientificcode
           Pr(1)  Pr(2)  Pr(3)  Pr(4)  Pr(5)
class 1:  0.1557 0.1529 0.3530 0.1937 0.1447
class 2:  0.3921 0.2316 0.2618 0.1145 0.0000
class 3:  0.7756 0.1737 0.0507 0.0000 0.0000

$Q_Info_GeneralMediacode
           Pr(1)  Pr(2)  Pr(3)  Pr(4)  Pr(5)  Pr(6)
class 1:  0.0000 0.0000 0.1688 0.1485 0.2487 0.4341
class 2:  0.0385 0.0000 0.3019 0.4903 0.1693 0.0000
class 3:  0.1517 0.3544 0.3635 0.1304 0.0000 0.0000

$Q_Info_SocialMediacode
           Pr(1)  Pr(2)  Pr(3)  Pr(4) Pr(5)  Pr(6)
class 1:  0.0486 0.0000 0.3172 0.0503 0.245 0.3388
class 2:  0.1167 0.1052 0.2793 0.3860 0.075 0.0378
class 3:  0.3910 0.2722 0.2510 0.0859 0.000 0.0000

$Q_FloodFuturecode
           Pr(1)  Pr(2)  Pr(3)  Pr(4)  Pr(5)
class 1:  0.4831 0.1461 0.2057 0.1651 0.0000
class 2:  0.0702 0.1641 0.2757 0.4326 0.0574
class 3:  0.2571 0.4607 0.1307 0.1515 0.0000

$Q_ClimateChangecode
           Pr(1)  Pr(2)  Pr(3)  Pr(4)  Pr(5)
class 1:  0.2863 0.1003 0.2014 0.4120 0.0000
class 2:  0.0000 0.1082 0.1159 0.5427 0.2332
class 3:  0.0261 0.3451 0.2375 0.3303 0.0609

$Q_Threatcode
           Pr(1)  Pr(2)  Pr(3)  Pr(4)  Pr(5)
class 1:  0.4343 0.2609 0.0997 0.1086 0.0965
class 2:  0.0000 0.0000 0.4705 0.5295 0.0000
class 3:  0.2404 0.2226 0.3968 0.0896 0.0506

Estimated class population shares 
 0.1364 0.3438 0.5198 
 
Predicted class memberships (by modal posterior prob.) 
 0.1316 0.3421 0.5263 
 
========================================================= 
Fit for 3 latent classes: 
========================================================= 
